0	0	1358.8531
0	1	176.15459
1	1	1134.5309
0	2	51.555
1	2	256.01984
2	2	1047.9999
0	3	34.284298
1	3	38.744865
2	3	147.07346
3	3	1229.4576
0	4	28.388063
1	4	32.786587
2	4	53.69332
3	4	177.88254
4	4	1176.9663
0	5	16.408714
1	5	70.54029
2	5	64.69376
3	5	35.48253
4	5	140.9172
5	5	1078.6663
0	6	21.567747
1	6	23.237347
2	6	46.06009
3	6	42.48699
4	6	63.485
5	6	178.2341
6	6	974.5917
0	7	19.25201
1	7	37.47004
2	7	48.152233
3	7	30.066784
4	7	42.501446
5	7	90.466934
6	7	138.81433
7	7	1023.66
0	8	9.843167
1	8	15.508599
2	8	19.695417
3	8	25.853825
4	8	28.973516
5	8	31.101782
6	8	63.02401
7	8	168.94023
8	8	1156.0531
0	9	13.320068
1	9	5.555303
2	9	23.833422
3	9	23.40291
4	9	25.905174
5	9	20.23455
6	9	33.999138
7	9	68.584496
8	9	195.6676
9	9	1180.1361
0	10	11.941396
1	10	10.866131
2	10	9.774741
3	10	20.11366
4	10	17.803087
5	10	14.248306
6	10	20.288765
7	10	19.451859
8	10	49.38379
9	10	169.85353
10	10	1271.7415
0	11	10.223677
1	11	9.475363
2	11	10.228394
3	11	11.612221
4	11	22.211906
5	11	21.53606
6	11	18.281717
7	11	23.16217
8	11	35.1682
9	11	43.70571
10	11	158.86528
11	11	1250.1421
0	12	13.100233
1	12	11.837839
2	12	27.220732
3	12	11.159596
4	12	21.346125
5	12	25.472765
6	12	30.037539
7	12	49.240376
8	12	39.31535
9	12	42.002136
10	12	44.501095
11	12	181.25084
12	12	1094.6866
0	13	11.06042
1	13	18.451551
2	13	19.151867
3	13	16.252874
4	13	25.81267
5	13	23.388262
6	13	16.651768
7	13	29.386023
8	13	28.651342
9	13	34.752823
10	13	34.681763
11	13	55.16288
12	13	172.98889
13	13	1074.9038
0	14	11.287188
1	14	16.005379
2	14	10.944938
3	14	21.634045
4	14	9.967204
5	14	23.044756
6	14	26.954687
7	14	35.567772
8	14	23.533644
9	14	23.161041
10	14	27.60641
11	14	31.109768
12	14	59.08249
13	14	173.08752
14	14	1076.0093
0	15	14.314912
1	15	9.184946
2	15	13.728318
3	15	16.884464
4	15	15.974701
5	15	16.861374
6	15	15.434757
7	15	23.132627
8	15	12.52297
9	15	21.183073
10	15	18.64527
11	15	28.18199
12	15	35.41689
13	15	47.843506
14	15	185.24562
15	15	1164.1765
0	16	5.388755
1	16	7.1918344
2	16	7.464795
3	16	6.8857164
4	16	13.5959
5	16	9.430353
6	16	14.547302
7	16	16.647888
8	16	11.575954
9	16	18.659695
10	16	16.221432
11	16	16.26702
12	16	25.828365
13	16	26.168015
14	16	46.381546
15	16	148.08621
16	16	1172.2678
0	17	15.609175
1	17	11.1600065
2	17	17.761484
3	17	15.67131
4	17	21.097584
5	17	9.755769
6	17	17.364563
7	17	13.777887
8	17	11.975409
9	17	12.869059
10	17	16.781187
11	17	10.243341
12	17	23.203888
13	17	22.79663
14	17	39.985035
15	17	51.77466
16	17	192.28581
17	17	1167.6737
0	18	15.495153
1	18	6.46245
2	18	10.732364
3	18	16.971094
4	18	11.867968
5	18	12.105631
6	18	13.790175
7	18	16.412691
8	18	11.887931
9	18	14.904229
10	18	13.882172
11	18	23.242325
12	18	16.054272
13	18	24.751678
14	18	28.867605
15	18	35.203053
16	18	55.128147
17	18	137.586
18	18	1108.9242
0	19	12.160563
1	19	13.524578
2	19	19.653051
3	19	4.316303
4	19	7.670316
5	19	22.660389
6	19	12.62625
7	19	23.375986
8	19	11.097982
9	19	6.065011
10	19	6.7789235
11	19	7.9802303
12	19	21.303263
13	19	19.856733
14	19	15.858664
15	19	20.62837
16	19	19.348824
17	19	29.589603
18	19	106.26281
19	19	977.68567
0	20	2.7257695
1	20	15.915433
2	20	8.495739
3	20	4.3537135
4	20	12.035018
5	20	12.919057
6	20	7.782919
7	20	9.263019
8	20	7.7498116
9	20	5.2436385
10	20	5.1282587
11	20	6.2606425
12	20	7.735646
13	20	5.224914
14	20	12.441423
15	20	13.871441
16	20	13.576714
17	20	20.189987
18	20	31.370874
19	20	168.0833
20	20	1071.9657
0	21	10.248403
1	21	13.297592
2	21	16.562752
3	21	14.550382
4	21	11.491937
5	21	8.303133
6	21	11.823182
7	21	15.478792
8	21	11.511268
9	21	13.143425
10	21	9.997726
11	21	6.7253966
12	21	12.926505
13	21	13.824074
14	21	18.562506
15	21	17.384708
16	21	21.269167
17	21	30.070911
18	21	40.77244
19	21	38.219982
20	21	140.75687
21	21	1068.179
0	22	7.014734
1	22	2.9255836
2	22	12.956253
3	22	7.4694853
4	22	7.374278
5	22	10.2298565
6	22	10.318096
7	22	7.2237163
8	22	5.909346
9	22	7.4969106
10	22	5.132365
11	22	4.6033387
12	22	8.847816
13	22	11.20521
14	22	10.672616
15	22	5.9496636
16	22	8.006969
17	22	18.072584
18	22	21.678186
19	22	51.104168
20	22	46.0242
21	22	164.58284
22	22	998.0772
0	23	5.039864
1	23	7.3567863
2	23	9.599553
3	23	3.219953
4	23	3.178911
5	23	6.431099
6	23	5.886973
7	23	3.8925083
8	23	5.572452
9	23	4.847663
10	23	4.7409964
11	23	9.095221
12	23	7.1514854
13	23	6.44047
14	23	7.3940816
15	23	8.816455
16	23	11.766996
17	23	8.926898
18	23	13.695337
19	23	53.108116
20	23	38.688305
21	23	32.32468
22	23	177.00244
23	23	1001.4688
0	24	4.484288
1	24	4.987278
2	24	3.1059399
3	24	1.9099984
4	24	2.82848
5	24	6.53961
6	24	6.98402
7	24	11.082921
8	24	2.833238
9	24	2.8755167
10	24	3.7496593
11	24	2.9427629
12	24	6.5988045
13	24	6.68558
14	24	3.8986583
15	24	4.75428
16	24	12.098491
17	24	9.627673
18	24	17.203222
19	24	39.669754
20	24	36.482975
21	24	23.599041
22	24	65.62099
23	24	211.07169
24	24	925.46686
0	25	2.712472
1	25	4.525083
2	25	7.514927
3	25	3.4659796
4	25	0.8554504
5	25	7.9114046
6	25	1.4081728
7	25	5.8658915
8	25	0.8568894
9	25	6.087734
10	25	2.5516205
11	25	2.670043
12	25	4.2766156
13	25	7.799137
14	25	10.612053
15	25	6.0391498
16	25	5.0664306
17	25	8.735431
18	25	14.7417555
19	25	28.582972
20	25	36.305336
21	25	30.333673
22	25	45.799675
23	25	56.268597
24	25	161.61578
25	25	1020.091
0	26	4.293204
1	26	1.19369
2	26	4.955982
3	26	3.657219
4	26	4.513254
5	26	6.260944
6	26	2.9717407
7	26	5.3053274
8	26	4.5208464
9	26	1.8353233
10	26	3.5898788
11	26	1.8782438
12	26	0.90251654
13	26	8.229464
14	26	11.197585
15	26	3.6413524
16	26	6.2369723
17	26	4.6087093
18	26	8.235079
19	26	17.872633
20	26	23.661148
21	26	17.88647
22	26	28.0295
23	26	35.41564
24	26	54.37288
25	26	170.42616
26	26	1007.9923
0	27	5.961763
1	27	6.2160716
2	27	2.0646393
3	27	3.8089514
4	27	1.8802009
5	27	1.0867834
6	27	1.5475168
7	27	0.92090625
9	27	0.9557341
10	27	1.8694086
12	27	4.699803
13	27	1.9046425
14	27	4.8592315
15	27	4.740533
16	27	5.567773
17	27	7.6798677
18	27	12.388623
19	27	16.287374
20	27	23.469345
21	27	10.784952
22	27	25.165861
23	27	22.7819
24	27	28.314363
25	27	58.38713
26	27	177.43307
27	27	1029.2026
1	28	1.5154146
2	28	2.5166895
4	28	3.437803
5	28	7.9484005
6	28	1.8863438
7	28	4.4901505
8	28	2.295724
12	28	3.4372914
13	28	1.1608309
14	28	1.1846309
15	28	4.6227736
16	28	2.2622766
17	28	3.510512
18	28	11.616229
19	28	32.616425
20	28	17.164759
21	28	7.170711
22	28	18.405539
23	28	17.190933
24	28	40.78899
25	28	32.738625
26	28	66.08611
27	28	203.35524
28	28	1033.4673
1	29	1.8682685
2	29	3.1026835
4	29	1.4127573
5	29	1.6331885
6	29	2.325566
7	29	1.3839128
8	29	2.8302674
9	29	2.872502
12	29	1.412547
13	29	4.293367
14	29	2.9209282
15	29	8.548732
16	29	6.9725804
17	29	2.885274
18	29	4.2962966
19	29	12.238111
20	29	12.344182
21	29	2.9467874
22	29	22.691141
23	29	27.714872
24	29	42.550053
25	29	29.832478
26	29	44.44026
27	29	36.641518
28	29	136.34314
29	29	1153.4431
1	30	4.055176
2	30	3.3672695
3	30	1.0353515
4	30	4.088619
5	30	4.726563
6	30	2.5238822
7	30	6.007712
8	30	4.095497
9	30	2.078306
11	30	2.1269085
12	30	5.1100135
13	30	2.0708845
15	30	1.0308598
16	30	5.044785
17	30	1.0437733
18	30	10.361487
19	30	16.44405
20	30	21.690138
21	30	11.72629
22	30	13.133953
23	30	14.154493
24	30	25.18831
25	30	30.471987
26	30	28.13415
27	30	23.720175
28	30	54.425747
29	30	167.74603
30	30	1014.9333
0	31	4.7709084
2	31	5.5074344
3	31	5.0801973
4	31	4.0123553
5	31	3.4787996
6	31	2.476805
8	31	3.0143285
9	31	1.0197699
10	31	2.9919934
11	31	4.174472
12	31	2.0058792
13	31	4.0645137
14	31	2.0739236
15	31	4.046526
16	31	10.891509
17	31	6.1458244
18	31	7.1177526
19	31	16.137323
20	31	17.529284
21	31	6.276852
22	31	18.259373
23	31	13.890473
24	31	16.478987
25	31	16.197784
26	31	22.350443
27	31	27.385563
28	31	36.71976
29	31	45.269703
30	31	220.34126
31	31	1044.6309
0	32	1.9843572
1	32	3.310405
2	32	1.3744196
3	32	1.2677995
4	32	1.25164
7	32	1.226085
8	32	1.2537454
9	32	1.2724544
11	32	5.2088466
12	32	3.754361
13	32	2.5358212
14	32	2.5878122
15	32	1.2622993
16	32	3.7064373
18	32	10.150206
19	32	9.293503
20	32	3.124684
21	32	3.9160833
22	32	16.082672
23	32	11.55489
24	32	23.989285
25	32	15.547203
26	32	32.810074
27	32	20.502789
28	32	37.487774
29	32	20.540688
30	32	37.153873
31	32	144.02037
32	32	1080.5142
0	33	1.7973903
1	33	2.9984975
2	33	2.4898427
3	33	1.1483469
5	33	2.6212034
7	33	2.2211256
9	33	1.1525632
10	33	1.1272025
11	33	1.1795168
12	33	1.1335412
13	33	2.296895
14	33	3.5159812
15	33	4.5734596
16	33	2.2381434
17	33	3.4730632
18	33	4.596925
19	33	11.223821
20	33	7.075688
21	33	10.641325
22	33	7.283678
23	33	15.699275
24	33	18.624863
25	33	12.674106
26	33	16.345284
27	33	23.21376
28	33	22.637108
29	33	30.233671
30	33	52.162495
31	33	54.492073
32	33	214.28548
33	33	970.47705
1	34	1.1940697
3	34	2.743787
4	34	1.8058761
5	34	1.0438226
6	34	2.9726863
7	34	6.1915183
9	34	2.753861
10	34	3.591021
11	34	1.8788414
12	34	1.8056074
13	34	3.658703
14	34	2.800287
15	34	3.642511
16	34	4.456398
17	34	4.6101756
18	34	10.068298
19	34	14.526135
20	34	12.397879
21	34	8.475235
22	34	9.66842
23	34	9.377711
24	34	14.833686
25	34	16.823723
26	34	27.219719
27	34	24.651323
28	34	40.565746
29	34	27.784002
30	34	22.78251
31	34	44.71511
32	34	57.4359
33	34	239.31165
34	34	930.50024
0	35	1.4073935
2	35	1.9495977
3	35	0.8991792
4	35	1.7754363
5	35	3.0786839
6	35	3.6532233
7	35	3.4783738
8	35	1.7784228
9	35	2.7074418
10	35	3.5304906
11	35	0.92358583
12	35	1.775172
13	35	1.7985159
14	35	3.6707804
15	35	1.7905563
16	35	2.6287684
17	35	5.4389596
18	35	13.498074
19	35	12.084162
20	35	11.080817
21	35	10.184015
22	35	13.307629
23	35	14.341663
24	35	15.798953
25	35	11.026761
26	35	22.106833
27	35	19.38864
28	35	16.248209
29	35	21.85254
30	35	22.398489
31	35	18.10175
32	35	35.494022
33	35	42.37923
34	35	166.43594
35	35	1021.8324
0	36	1.316032
1	36	3.293207
2	36	4.5575976
3	36	4.2040434
4	36	3.3203664
5	36	2.8788302
6	36	3.416073
7	36	5.692004
9	36	4.219479
10	36	1.6506538
11	36	2.5908928
13	36	7.567941
14	36	5.148736
15	36	7.534448
16	36	8.193737
17	36	3.3905919
18	36	10.097473
19	36	6.1634808
20	36	7.2530518
21	36	13.851515
22	36	13.332599
23	36	12.4527645
24	36	19.319008
25	36	15.466433
26	36	15.231823
27	36	21.5294
28	36	13.812229
29	36	17.028313
30	36	20.944483
31	36	9.672382
32	36	19.612223
33	36	32.795727
34	36	51.151676
35	36	172.26816
36	36	1054.5585
0	37	2.5898955
1	37	3.240446
2	37	5.381496
3	37	3.3093522
4	37	4.0839634
5	37	4.7211804
6	37	6.0504193
7	37	4.8006964
8	37	0.8181666
9	37	4.1518784
10	37	5.68473
12	37	4.900027
13	37	4.1370525
14	37	2.5331237
15	37	8.237487
16	37	8.062465
17	37	7.5066094
18	37	5.7958255
19	37	12.129471
20	37	15.29325
21	37	17.036999
22	37	10.495197
23	37	10.368141
24	37	16.773085
25	37	19.276949
26	37	16.05835
27	37	20.069502
28	37	14.950036
29	37	16.7555
30	37	16.97206
31	37	21.414194
32	37	13.360164
33	37	20.16894
34	37	43.906788
35	37	64.22362
36	37	148.65955
37	37	1037.5072
1	38	2.6852894
2	38	1.1148831
4	38	3.045865
5	38	2.3474057
6	38	2.5069275
7	38	3.978236
8	38	2.0339923
9	38	1.0321723
10	38	2.0189211
12	38	1.0151372
13	38	5.1424327
15	38	1.0239348
16	38	4.0087166
19	38	12.564296
20	38	11.405875
21	38	7.412056
22	38	6.522862
23	38	17.57426
24	38	12.509552
25	38	13.872506
26	38	13.307216
27	38	12.473381
28	38	20.27255
29	38	18.744656
30	38	25.61728
31	38	19.224283
32	38	33.21386
33	38	26.74172
34	38	33.278625
35	38	34.026386
36	38	51.397587
37	38	143.2934
38	38	1031.2786
1	39	1.464993
3	39	2.2442179
4	39	2.2156126
5	39	3.841969
6	39	2.7353709
7	39	1.085188
8	39	4.438679
11	39	1.1525666
12	39	1.1076415
13	39	2.2444143
15	39	2.2344813
16	39	3.2805078
17	39	2.2624726
18	39	6.7378373
19	39	13.709215
20	39	6.9140186
21	39	2.310708
22	39	3.5586283
23	39	5.113523
24	39	21.232529
25	39	12.384521
26	39	10.163884
27	39	19.658913
28	39	18.433235
29	39	36.360462
30	39	21.374792
31	39	14.521911
32	39	26.17367
33	39	23.707577
34	39	21.786682
35	39	45.694817
36	39	33.381657
37	39	42.043964
38	39	204.14618
39	39	1060.2852
0	40	2.7288032
2	40	0.9450215
3	40	0.8717118
4	40	0.8606008
5	40	0.9948796
6	40	3.5416276
7	40	0.8430298
8	40	0.8620485
9	40	1.7498248
10	40	2.566983
11	40	5.372237
12	40	2.5814183
13	40	3.4871526
14	40	2.6689863
15	40	0.86792994
16	40	4.247445
17	40	2.6364074
18	40	6.1066813
19	40	4.2600093
20	40	9.668097
21	40	5.38523
22	40	4.607542
23	40	13.903566
24	40	11.781799
25	40	7.482947
26	40	13.535704
27	40	12.922505
28	40	17.18386
29	40	14.123337
30	40	20.436968
31	40	23.816217
32	40	18.76897
33	40	18.417263
34	40	22.566685
35	40	28.84219
36	40	47.715958
37	40	41.848072
38	40	40.599358
39	40	143.97165
40	40	1099.088
1	41	3.824204
2	41	3.175479
4	41	7.2295175
6	41	3.570193
8	41	1.4483358
10	41	1.4376041
11	41	1.5043243
13	41	1.4646995
16	41	2.8544688
19	41	5.367961
20	41	9.024144
21	41	3.0159252
22	41	3.0964699
23	41	6.674146
24	41	17.81524
25	41	1.7960242
26	41	11.370731
27	41	13.816233
28	41	12.029486
29	41	26.694845
30	41	17.16817
31	41	8.423968
32	41	26.278269
33	41	30.943016
34	41	26.540148
35	41	20.501474
36	41	29.627314
37	41	22.293205
38	41	63.94815
39	41	69.77541
40	41	151.77435
41	41	1089.8108
1	42	3.6050155
2	42	1.4967365
3	42	1.3806276
6	42	3.3655636
7	42	1.3352008
10	42	1.3552063
11	42	1.4181024
12	42	1.3628272
13	42	1.3807486
15	42	1.374638
16	42	4.0362926
17	42	2.7837157
18	42	5.526763
19	42	5.0602903
20	42	8.506916
21	42	1.4215322
22	42	8.756977
23	42	7.8645124
24	42	5.598047
25	42	5.0792494
26	42	8.932505
27	42	7.44248
28	42	18.144005
29	42	11.184356
30	42	12.138118
31	42	17.867563
32	42	32.20373
33	42	24.681871
34	42	19.657763
35	42	24.59725
36	42	21.357618
37	42	19.398872
38	42	30.141445
39	42	46.043312
40	42	49.395023
41	42	191.7333
42	42	1176.1842
0	43	4.046141
1	43	3.3749886
2	43	3.7366228
3	43	2.5850668
4	43	3.4028227
5	43	2.9503214
8	43	2.55641
9	43	4.3242636
10	43	5.9207587
11	43	1.7701558
12	43	2.5517373
13	43	1.7235287
14	43	1.7588656
15	43	3.431802
16	43	3.3588865
17	43	7.818282
18	43	6.898819
19	43	6.3165417
20	43	6.371289
21	43	8.872185
22	43	12.752781
23	43	13.743703
24	43	9.317066
25	43	8.453609
26	43	7.8050413
27	43	18.580252
28	43	9.908665
29	43	12.215829
30	43	10.100992
31	43	13.629799
32	43	10.8226795
33	43	25.207619
34	43	18.961132
35	43	18.641521
36	43	21.532907
37	43	28.25057
38	43	28.845268
39	43	24.63166
40	43	34.018024
41	43	28.577002
42	43	143.11386
43	43	1066.6028
0	44	2.178935
1	44	8.178771
2	44	6.036758
3	44	4.176344
4	44	2.7487411
5	44	2.3832185
6	44	6.787131
7	44	6.731549
8	44	8.260095
9	44	6.9861298
10	44	7.5156493
11	44	7.149505
12	44	5.496664
13	44	6.961183
14	44	5.6831245
15	44	6.2373376
16	44	9.496375
17	44	13.332664
18	44	8.359119
19	44	7.653589
20	44	10.293233
21	44	16.483633
22	44	9.565656
23	44	7.929946
24	44	6.5853934
25	44	5.121509
26	44	6.3047767
27	44	14.070754
28	44	5.7171764
29	44	4.229029
30	44	3.059777
31	44	13.011717
32	44	7.493462
33	44	12.443613
34	44	7.2077518
35	44	6.200475
36	44	12.42422
37	44	20.375284
38	44	16.209187
39	44	8.843123
40	44	24.044273
41	44	12.984753
42	44	14.960632
43	44	148.54883
44	44	1137.5542
0	45	3.824438
1	45	2.126707
2	45	3.5318794
3	45	5.7013164
4	45	4.020462
5	45	6.506879
6	45	3.9708943
7	45	6.3014007
8	45	2.4163349
9	45	5.7222495
10	45	3.1979077
11	45	5.856068
12	45	8.843699
13	45	11.403631
14	45	6.6499634
15	45	4.0547013
16	45	3.9685507
17	45	10.674285
18	45	11.411412
19	45	8.955652
20	45	11.040668
21	45	6.708836
22	45	8.610006
23	45	12.062733
24	45	7.705731
25	45	9.988006
26	45	14.754748
27	45	8.781086
28	45	6.6898084
29	45	6.5979877
30	45	7.1606407
31	45	11.711792
32	45	10.229665
33	45	9.265822
34	45	10.5424595
35	45	16.583609
36	45	9.691923
37	45	17.165968
38	45	15.410499
39	45	5.173778
40	45	19.091469
41	45	28.699358
42	45	19.09724
43	45	61.58217
44	45	162.07243
45	45	1089.0502
0	46	3.6767745
1	46	4.0891876
2	46	0.8488779
3	46	7.830265
4	46	5.4113216
5	46	2.6809907
6	46	3.1813133
7	46	1.514525
8	46	1.5486926
9	46	1.571803
10	46	2.305826
11	46	0.80428034
12	46	3.0917234
13	46	3.9154756
14	46	4.7949038
15	46	5.457406
16	46	5.341452
17	46	3.157583
18	46	6.2690353
19	46	10.523174
20	46	2.8948314
21	46	8.062256
22	46	9.105327
23	46	13.381135
24	46	16.933048
25	46	8.642127
26	46	10.132185
27	46	9.497298
28	46	15.435628
29	46	6.343236
30	46	10.326247
31	46	7.881716
32	46	16.859472
33	46	8.908064
34	46	9.121868
35	46	13.950393
36	46	24.226055
37	46	20.170553
38	46	19.374104
39	46	11.191535
40	46	18.354336
41	46	16.230154
42	46	19.889877
43	46	35.331688
44	46	60.937447
45	46	196.76405
46	46	983.14716
0	47	6.751188
1	47	6.7576036
2	47	2.8056335
3	47	2.5879874
4	47	1.7033337
5	47	0.98455167
6	47	4.205834
7	47	3.337113
8	47	3.4123979
9	47	0.8658298
10	47	2.540335
11	47	5.3164673
12	47	5.9607806
13	47	1.7254761
14	47	7.923838
15	47	5.153519
16	47	5.8846927
17	47	3.478718
18	47	6.906614
19	47	12.647356
20	47	10.630813
21	47	10.658651
22	47	10.943306
23	47	11.793627
24	47	9.327593
25	47	7.405266
26	47	10.0463915
27	47	8.138044
28	47	12.754106
29	47	12.229631
30	47	10.112405
31	47	13.645199
32	47	4.643532
33	47	12.61805
34	47	10.049587
35	47	13.173589
36	47	14.371491
37	47	18.1816
38	47	16.322268
39	47	24.65949
40	47	22.349552
41	47	25.033129
42	47	37.083084
43	47	34.716908
44	47	31.442953
45	47	41.764088
46	47	247.60124
47	47	994.236
0	48	8.226431
1	48	21.729269
2	48	4.748208
3	48	4.3798676
4	48	6.053657
5	48	9.997434
6	48	9.253249
7	48	5.082907
8	48	3.4650517
9	48	1.7583793
10	48	2.5795326
11	48	4.498751
12	48	1.7293589
13	48	4.380251
14	48	4.4700575
15	48	5.233039
16	48	6.829136
17	48	1.7661976
18	48	5.2598877
19	48	12.842506
20	48	11.874332
21	48	7.21541
22	48	11.112163
23	48	7.983736
24	48	9.471519
25	48	9.667967
26	48	6.8009386
27	48	11.805165
28	48	8.633935
29	48	7.096192
30	48	14.119105
31	48	8.817292
32	48	11.002091
33	48	12.812748
34	48	13.606205
35	48	14.491597
36	48	12.508495
37	48	11.282421
38	48	22.948786
39	48	13.911105
40	48	16.21029
41	48	16.341038
42	48	15.404433
43	48	25.63825
44	48	33.653965
45	48	23.22371
46	48	46.59554
47	48	140.10023
48	48	612.48676
0	57	4.571527
1	57	7.626453
2	57	5.2772727
3	57	10.709358
4	57	3.8446746
5	57	3.333417
6	57	26.89736
7	57	3.7661772
8	57	5.776713
10	57	7.6452127
11	57	1.000004
12	57	2.883077
13	57	2.92099
14	57	2.9808779
15	57	4.8467712
16	57	4.7437916
17	57	2.9444919
18	57	4.8716383
19	57	4.757824
20	57	3.599296
21	57	4.0096908
22	57	4.116775
23	57	3.327494
24	57	3.947578
25	57	2.3878248
26	57	3.7793636
27	57	3.9361637
28	57	3.1986547
29	57	1.9717197
30	57	4.279722
31	57	6.9998226
32	57	3.4937115
33	57	6.3290653
34	57	7.5611324
35	57	11.150522
36	57	9.268163
37	57	2.2799191
38	57	8.501945
39	57	4.6383414
40	57	4.8044024
41	57	6.0539412
42	57	3.8046353
43	57	16.622066
44	57	16.304234
45	57	10.100109
46	57	14.025756
47	57	33.281693
48	57	194.32259
57	57	684.1438
0	58	6.087037
1	58	3.384901
2	58	5.621396
3	58	3.2408237
4	58	7.678838
5	58	8.137214
6	58	41.080902
7	58	8.148896
8	58	7.050775
9	58	7.15599
10	58	4.453611
11	58	3.3287902
12	58	2.5592318
13	58	3.8893292
14	58	5.953606
15	58	2.581411
16	58	6.94805
17	58	6.5343704
18	58	6.4866385
19	58	3.1675465
20	58	5.5912514
21	58	6.006314
22	58	5.4815297
23	58	1.4768645
24	58	5.2562423
25	58	7.1536818
26	58	5.032263
27	58	4.3675365
28	58	1.0647607
29	58	6.5634146
30	58	2.8492477
31	58	6.5242367
32	58	5.8148923
33	58	3.1602066
34	58	13.423637
35	58	11.547697
36	58	5.3990374
37	58	5.312539
38	58	4.7168455
39	58	4.117334
40	58	8.79603
41	58	12.091331
42	58	3.7994344
43	58	11.066229
44	58	9.577615
45	58	12.701269
46	58	14.3657255
47	58	18.992111
48	58	160.70969
57	58	252.74252
58	58	661.7618
0	59	4.857816
1	59	5.065034
2	59	4.205819
3	59	6.2072864
4	59	2.2980628
5	59	6.198797
6	59	47.286053
7	59	4.502286
8	59	4.603857
9	59	2.336279
10	59	3.0464962
11	59	4.7818294
12	59	1.5318139
13	59	4.655873
14	59	3.959442
15	59	6.1803565
16	59	2.268391
17	59	2.3466666
18	59	7.765083
19	59	4.7397933
20	59	3.8246999
21	59	5.5922933
22	59	1.6404696
23	59	6.1877832
24	59	4.1947927
25	59	8.563593
26	59	2.008022
27	59	3.1369977
29	59	3.1427963
30	59	4.547737
31	59	6.694364
33	59	2.5220323
34	59	9.038974
35	59	6.91181
36	59	7.3864317
37	59	8.176604
38	59	6.77578
39	59	2.4644074
40	59	2.8717172
41	59	3.2165327
42	59	6.0643473
43	59	14.193492
44	59	12.993957
45	59	12.521393
46	59	16.337198
47	59	23.682549
48	59	113.50643
57	59	328.21365
58	59	306.05634
59	59	636.4729
0	60	7.1412735
1	60	2.9783583
2	60	3.297493
3	60	7.604228
4	60	6.756573
5	60	3.4714644
6	60	4.325269
7	60	3.6770127
8	60	3.759966
9	60	8.395363
10	60	5.9713693
11	60	7.8106313
12	60	6.004949
13	60	10.646852
14	60	8.536896
15	60	4.5427427
16	60	11.856594
17	60	6.1328654
18	60	7.610083
19	60	6.503255
20	60	9.370887
21	60	6.263617
22	60	3.2154481
23	60	1.7326481
24	60	4.11106
25	60	0.9325172
26	60	2.9519095
27	60	2.0495865
28	60	1.2491704
29	60	4.620094
31	60	5.467281
32	60	1.3643991
33	60	1.2358449
34	60	3.9371316
35	60	3.8707674
36	60	0.9048738
37	60	4.451884
38	60	2.2135093
40	60	4.690658
41	60	6.3046546
43	60	8.346105
44	60	3.7454658
45	60	9.641855
46	60	5.0561337
47	60	9.283927
48	60	15.0834875
57	60	23.050709
58	60	57.19922
59	60	99.3687
60	60	1226.7261
0	61	4.6601124
1	61	1.9435589
2	61	4.0346503
3	61	2.2329984
4	61	3.674227
5	61	0.8495027
6	61	7.8626776
7	61	5.758735
8	61	6.624734
9	61	2.241197
10	61	5.114392
11	61	9.938972
12	61	6.612624
13	61	8.9327755
14	61	6.077281
15	61	7.4110355
16	61	7.2535725
17	61	9.004647
18	61	5.959247
19	61	1.8187573
20	61	7.338084
21	61	6.1310835
22	61	3.1474113
23	61	4.239966
24	61	2.0120363
25	61	3.6511428
26	61	2.8894491
27	61	2.0062187
28	61	2.4454777
29	61	3.0148907
30	61	3.2719898
31	61	1.0703194
32	61	2.6710587
33	61	3.6290855
34	61	3.8538249
35	61	4.7360806
36	61	4.4286366
37	61	3.4861479
38	61	3.2500095
39	61	2.364111
40	61	0.9182814
41	61	3.0856261
43	61	5.446338
44	61	13.198371
45	61	12.011797
46	61	9.073441
47	61	8.178738
48	61	18.455414
57	61	12.3070755
58	61	37.553547
59	61	33.511856
60	61	125.764366
61	61	1202.8053
0	62	9.531633
1	62	0.88339734
2	62	2.2006226
3	62	4.05982
4	62	4.008073
5	62	6.177932
6	62	3.8486955
7	62	2.617493
8	62	4.683951
9	62	6.79121
10	62	5.313422
11	62	4.8650193
12	62	6.0112147
13	62	9.473743
14	62	7.59627
15	62	6.06331
16	62	9.231418
17	62	4.092843
18	62	8.125892
19	62	3.3066874
20	62	0.83383685
21	62	5.573469
22	62	4.2917376
23	62	3.0834773
24	62	1.8290443
25	62	1.659538
26	62	2.6266575
27	62	0.9118778
28	62	1.1115323
30	62	0.99146885
31	62	4.8648763
32	62	3.6421938
33	62	3.299025
34	62	2.6274931
35	62	3.4442723
36	62	4.8310294
37	62	0.79227185
38	62	4.924042
39	62	2.149098
40	62	5.8433537
43	62	6.601334
44	62	3.9993322
45	62	7.799528
46	62	5.248869
47	62	6.608793
48	62	8.388459
57	62	13.984703
58	62	23.586323
59	62	18.575607
60	62	55.342648
61	62	152.53592
62	62	1246.023
0	63	4.1482534
1	63	1.1533877
2	63	2.8731928
3	63	2.650306
4	63	2.6165247
5	63	3.0247786
6	63	5.7428136
7	63	2.5631027
8	63	3.494568
9	63	0.88667893
10	63	1.7343373
12	63	5.2322707
13	63	4.4175634
14	63	7.213016
15	63	2.6388078
16	63	5.1654816
17	63	2.6718638
18	63	4.4205775
19	63	3.2379758
20	63	2.1773603
21	63	2.7288275
22	63	4.669508
23	63	1.006468
24	63	1.194025
25	63	7.583584
26	63	2.2862904
27	63	1.1905725
28	63	1.451247
29	63	1.7891599
30	63	5.177955
31	63	3.8110292
32	63	4.7553477
33	63	1.4357656
34	63	5.717545
35	63	3.372702
36	63	5.2562695
37	63	2.0688233
38	63	3.8573785
39	63	7.0148025
41	63	1.8311373
42	63	3.4523675
43	63	2.1547205
44	63	7.8324556
45	63	7.1282935
46	63	3.916038
47	63	9.707197
48	63	17.523521
57	63	14.607048
58	63	21.88062
59	63	32.013725
60	63	41.832928
61	63	40.94777
62	63	126.89872
63	63	1146.5223
0	64	11.83038
1	64	3.5883708
2	64	2.979652
3	64	2.7485063
4	64	4.0702105
5	64	4.7052813
6	64	3.3500245
7	64	2.658072
8	64	2.718038
9	64	5.5171957
10	64	3.3723729
11	64	2.8231096
12	64	3.3913372
13	64	2.748747
14	64	1.4025519
15	64	3.4207277
16	64	5.356876
17	64	5.541726
18	64	8.939524
19	64	1.6789755
20	64	3.3870554
21	64	4.9523907
22	64	2.905515
23	64	1.5656403
24	64	0.92870003
25	64	5.055798
26	64	3.556505
27	64	1.8520293
28	64	3.3862934
29	64	1.3915895
30	64	4.0273585
31	64	5.9283557
32	64	2.4657726
33	64	2.2334466
34	64	2.6682274
35	64	5.2465034
36	64	4.0882707
37	64	5.631881
38	64	1.0000759
39	64	4.364831
40	64	11.020181
41	64	1.4242392
42	64	1.3426074
43	64	5.027756
44	64	6.092001
45	64	3.9602222
46	64	8.376095
47	64	11.744685
48	64	14.481459
57	64	17.041811
58	64	19.539776
59	64	18.863586
60	64	25.142385
61	64	20.26738
62	64	44.086212
63	64	111.68389
64	64	1157.3297
0	65	1.6022136
1	65	2.6728938
2	65	2.2194731
3	65	3.0709474
4	65	1.0106015
5	65	1.1682848
6	65	3.32714
8	65	5.0615077
9	65	3.0822227
13	65	1.0237389
14	65	4.1789126
15	65	2.0384164
16	65	1.9951059
18	65	5.1221867
19	65	3.7518892
20	65	3.7844079
21	65	3.1619318
22	65	2.1642504
23	65	1.166209
24	65	4.150602
25	65	5.021261
26	65	2.6491575
27	65	1.3795335
28	65	5.044742
29	65	4.1462507
30	65	2.9998853
31	65	5.887859
32	65	1.8366965
33	65	1.6636423
34	65	7.9500017
36	65	3.654309
37	65	10.78729
38	65	4.4695997
39	65	14.630674
40	65	2.5257466
41	65	6.3652954
42	65	6.0004616
43	65	6.2417636
44	65	3.025193
45	65	2.3599017
46	65	5.671962
47	65	6.248816
48	65	22.84285
57	65	4.231349
58	65	22.536345
59	65	23.605757
60	65	16.524687
61	65	28.036728
62	65	17.644724
63	65	53.75401
64	65	126.423355
65	65	1119.6567
0	66	5.1834784
1	66	3.2427528
2	66	2.6926634
3	66	2.4837809
4	66	2.4521222
5	66	1.8898164
6	66	4.0364842
7	66	0.8006856
8	66	2.456247
9	66	0.8309668
10	66	1.6253648
12	66	0.81725246
13	66	0.8279995
14	66	0.84497565
15	66	3.2973404
16	66	3.2272816
17	66	1.6693228
18	66	3.3142579
19	66	6.069052
20	66	2.0405517
21	66	7.6721067
22	66	2.625667
23	66	4.7161465
24	66	3.357005
25	66	3.0458953
26	66	2.1426375
27	66	2.231532
28	66	4.080185
30	66	3.639459
31	66	2.3810487
32	66	4.4565578
33	66	2.6911063
34	66	3.2149787
35	66	4.2143826
36	66	2.9556034
37	66	6.78592
38	66	6.025017
39	66	5.259237
40	66	7.149879
41	66	1.7160827
43	66	7.06767
44	66	3.2623663
45	66	4.7717185
46	66	11.927448
47	66	8.086463
48	66	14.369667
57	66	19.393108
58	66	16.708437
59	66	22.728958
60	66	13.365158
61	66	15.698833
62	66	15.06388
63	66	42.44107
64	66	49.11276
65	66	141.53403
66	66	1050.6261
0	67	1.2390984
1	67	2.0671268
3	67	0.7916561
4	67	1.563131
5	67	2.7105374
6	67	3.216374
7	67	3.0624325
8	67	2.3486407
9	67	1.5891254
10	67	4.662476
11	67	3.2525766
12	67	0.7814492
13	67	5.542078
14	67	1.6159158
15	67	2.3646646
16	67	1.5429482
17	67	0.7980955
18	67	3.1690626
19	67	2.9015858
20	67	3.9023128
21	67	4.8906646
22	67	5.021277
23	67	2.7057211
24	67	1.069979
25	67	0.97081894
26	67	5.121925
27	67	1.0668851
28	67	2.6009567
29	67	1.6032858
30	67	2.3200111
31	67	2.2767367
32	67	4.261319
33	67	5.1464214
34	67	1.0247109
35	67	4.0297537
36	67	6.594281
37	67	6.4886336
38	67	4.6088524
39	67	1.2572083
40	67	2.929992
41	67	4.9227066
42	67	1.5468522
43	67	7.7234745
44	67	10.918055
45	67	4.562673
46	67	4.3865056
47	67	8.698726
48	67	9.814387
57	67	7.635563
58	67	10.893035
59	67	11.301273
60	67	17.891497
61	67	20.01477
62	67	13.64584
63	67	25.734772
64	67	39.26261
65	67	34.406826
66	67	172.535
67	67	1088.3118
0	68	2.8288398
2	68	2.9389968
3	68	2.7110052
4	68	5.3529005
5	68	3.0940545
6	68	2.9371698
7	68	1.7478698
8	68	4.468254
9	68	1.8139726
10	68	2.6610875
12	68	0.89201736
13	68	3.6149902
14	68	1.8445536
15	68	0.8997479
16	68	2.6418927
18	68	3.617457
19	68	1.1040448
21	68	5.5826507
22	68	1.9105811
23	68	6.1771135
24	68	2.442743
25	68	2.2163625
26	68	5.846632
27	68	3.6535199
28	68	1.4844846
29	68	1.8301367
30	68	1.3241361
31	68	3.898312
32	68	3.2428389
33	68	1.4686487
35	68	9.199856
36	68	2.150661
37	68	4.2324104
38	68	1.315241
39	68	4.3052764
40	68	3.34456
41	68	3.746151
42	68	5.2971544
43	68	7.7142434
44	68	9.79225
45	68	5.208251
46	68	5.007158
47	68	3.3098397
48	68	14.563947
57	68	2.490265
58	68	11.60535
59	68	10.915642
60	68	9.725231
61	68	12.375287
62	68	12.115138
63	68	28.246168
64	68	31.63618
65	68	28.801733
66	68	54.001644
67	68	171.1071
68	68	1042.4625
0	69	2.7207797
1	69	2.2694712
2	69	3.7689717
3	69	3.476595
4	69	4.2903523
5	69	0.9919544
6	69	0.70624286
7	69	1.6811022
8	69	1.7190278
9	69	3.4893596
10	69	0.8531452
11	69	0.89274025
12	69	2.5738282
13	69	2.6076746
15	69	1.730756
16	69	5.928939
17	69	1.7524371
18	69	2.609454
19	69	2.1237419
20	69	3.2132235
21	69	0.89489937
22	69	2.7563968
23	69	2.9705756
24	69	5.873579
25	69	6.395096
26	69	5.623294
27	69	4.6852765
28	69	1.427778
29	69	5.280679
30	69	3.8206644
31	69	1.2497996
32	69	3.1189642
34	69	5.625083
35	69	5.5302663
36	69	3.1027606
37	69	4.0707345
38	69	2.529999
39	69	2.7605448
40	69	4.289066
41	69	3.60305
42	69	6.7930746
43	69	1.0599376
44	69	3.4247966
45	69	2.0037193
46	69	10.594951
47	69	6.3668113
48	69	12.930103
57	69	5.9878454
58	69	11.95932
59	69	9.544246
60	69	10.289105
61	69	13.733721
62	69	15.813898
63	69	19.56037
64	69	17.749489
65	69	30.219841
66	69	25.460201
67	69	39.925484
68	69	166.7363
69	69	1151.4355
0	70	1.3683728
1	70	1.1413944
2	70	2.8433163
3	70	0.87424904
4	70	2.589317
5	70	0.9977753
6	70	2.8415487
7	70	4.2274175
8	70	5.1873455
9	70	0.87745893
10	70	0.8581515
11	70	1.7959579
12	70	1.7259545
13	70	3.4973025
14	70	2.6767547
16	70	2.5558846
17	70	2.6440809
18	70	2.6247666
19	70	5.3405104
20	70	5.3867984
21	70	2.7004523
22	70	3.6967623
23	70	0.99600244
24	70	2.3632183
25	70	1.0721039
26	70	4.5250335
27	70	1.1781926
28	70	4.3084693
30	70	5.1241126
31	70	2.5142672
33	70	2.8416722
34	70	3.394855
35	70	3.3376312
36	70	2.0806453
37	70	4.094622
38	70	6.3621135
39	70	4.165116
40	70	2.1571174
41	70	7.248386
43	70	8.52926
44	70	5.1673408
45	70	4.030955
46	70	9.688294
47	70	2.1347241
48	70	9.754484
57	70	7.2275796
58	70	8.019666
59	70	13.440353
60	70	11.290345
61	70	11.972404
62	70	1.674389
63	70	22.954344
64	70	15.303124
65	70	41.796116
66	70	29.707142
67	70	26.44668
68	70	51.432518
69	70	129.0465
70	70	1036.2666
0	71	1.350038
1	71	4.5044036
2	71	2.805219
3	71	4.312675
4	71	2.5546231
5	71	3.937625
6	71	4.2052126
7	71	3.3366199
8	71	3.4118938
9	71	2.5971057
10	71	3.386613
11	71	2.657841
12	71	4.2570715
13	71	2.5878317
14	71	2.6408892
15	71	2.576379
16	71	1.6810924
17	71	2.608653
18	71	2.5895975
20	71	1.0629243
21	71	4.4404488
22	71	3.6472297
23	71	4.9132853
24	71	2.331554
25	71	2.1154776
26	71	4.464403
27	71	3.4872181
28	71	4.2507405
30	71	1.2638638
31	71	2.4805787
33	71	2.8035967
34	71	7.8151913
35	71	4.3905478
36	71	4.1055336
37	71	2.0198793
38	71	6.276868
39	71	1.3697693
40	71	5.320536
41	71	7.1512656
42	71	6.741383
43	71	4.2074885
44	71	4.2484202
45	71	5.965417
46	71	5.735089
47	71	7.371424
48	71	5.346547
57	71	8.319194
58	71	8.703432
59	71	6.6301336
60	71	7.426045
61	71	6.3603005
62	71	14.867587
63	71	15.097855
64	71	17.614426
65	71	31.239466
66	71	34.362392
67	71	21.260412
68	71	31.99039
69	71	38.195225
70	71	145.1398
71	71	1006.5772
1	72	0.96794975
2	72	2.4112504
3	72	5.189796
4	72	2.1958485
5	72	4.2307744
6	72	1.8073134
7	72	1.4340103
8	72	2.199542
9	72	1.4882431
10	72	2.1832442
11	72	2.2845702
13	72	3.707322
14	72	3.0266654
15	72	2.9527318
16	72	3.6124935
17	72	2.9897203
18	72	2.225911
19	72	2.7173846
20	72	4.5682282
21	72	3.0534608
22	72	5.4862638
23	72	4.223257
24	72	3.0061607
25	72	7.273508
26	72	2.8780622
27	72	4.995781
28	72	1.2179202
29	72	3.0030093
30	72	4.3454604
31	72	2.1322029
32	72	2.6605322
33	72	4.8197117
34	72	1.9193187
36	72	7.9401307
37	72	2.6043072
38	72	3.2372017
39	72	2.354794
40	72	10.061288
41	72	7.6836653
42	72	2.8973072
43	72	2.7124374
44	72	4.382119
45	72	6.836834
46	72	3.2864301
47	72	6.336171
48	72	4.5956707
57	72	12.2585745
58	72	10.201514
59	72	9.769695
60	72	8.776792
61	72	10.934102
62	72	7.8097324
63	72	10.1966
64	72	15.140632
65	72	10.740861
66	72	22.58673
67	72	18.27457
68	72	23.704842
69	72	26.447222
70	72	48.61821
71	72	143.90034
72	72	1127.2197
0	73	4.856536
1	73	2.0254798
2	73	1.6818843
3	73	2.327119
4	73	3.0632763
5	73	0.8853091
6	73	4.412202
7	73	0.7501832
8	73	3.0684292
9	73	0.77855444
10	73	3.8071165
11	73	2.3902845
12	73	0.7657051
13	73	2.327323
14	73	0.79167974
15	73	6.178728
16	73	2.2677932
17	73	0.78201604
18	73	4.6578217
19	73	1.8954178
20	73	1.9118459
21	73	6.3895082
22	73	5.7401304
23	73	3.5349443
24	73	5.242109
25	73	6.658817
26	73	4.0149856
27	73	2.0907805
28	73	1.2742772
31	73	3.3463
32	73	1.3918217
33	73	1.2606838
34	73	5.020329
35	73	3.948565
36	73	5.538364
37	73	4.541361
38	73	6.7739944
39	73	1.231879
40	73	0.95698684
41	73	1.6078426
42	73	6.0627494
43	73	5.6759005
44	73	4.5848937
45	73	1.788299
46	73	6.0173817
47	73	4.7352614
48	73	3.8466616
57	73	7.4817266
58	73	10.673571
59	73	7.6663275
60	73	9.182921
61	73	12.257205
62	73	10.399599
63	73	14.547857
64	73	21.121649
65	73	12.361662
66	73	19.996212
67	73	24.334791
68	73	33.730366
69	73	18.129288
70	73	31.672485
71	73	42.611057
72	73	157.90178
73	73	1101.1055
3	74	1.0534068
5	74	2.4044943
6	74	1.7119305
7	74	2.037493
8	74	1.0417295
10	74	1.0340105
11	74	2.1639993
12	74	3.1194756
13	74	2.1069982
14	74	2.1501973
15	74	2.0976734
16	74	1.0265521
17	74	4.247902
18	74	1.0542179
19	74	3.8609574
20	74	5.192562
21	74	3.2538497
23	74	1.2001109
24	74	1.4237536
25	74	3.875423
26	74	4.089254
27	74	8.517821
28	74	5.191394
29	74	6.4001746
30	74	3.0870929
31	74	4.5442653
32	74	1.8900898
33	74	1.7120048
34	74	4.0905547
35	74	4.0216045
36	74	1.2535136
37	74	6.167155
38	74	4.599532
39	74	1.6728879
40	74	1.2995852
41	74	10.917227
42	74	4.1165977
43	74	2.5692854
44	74	3.113136
45	74	1.2142524
46	74	3.502108
47	74	1.2860941
48	74	5.223755
57	74	7.257259
58	74	6.764182
59	74	4.627044
60	74	5.668354
61	74	6.6580987
62	74	5.0437946
63	74	10.536505
64	74	12.292772
65	74	24.417599
66	74	14.8117075
67	74	7.0814085
68	74	21.55564
69	74	23.323755
70	74	33.88756
71	74	48.864357
72	74	50.84426
73	74	126.05373
74	74	1012.9493
5	75	1.7772417
6	75	1.2653447
7	75	1.505979
12	75	1.5371388
13	75	4.6720576
14	75	1.5892824
20	75	1.9189976
22	75	4.9385166
23	75	3.5481675
24	75	2.1046875
25	75	5.728908
26	75	2.0150023
27	75	2.0986016
28	75	2.5580878
30	75	6.845319
31	75	2.2392116
32	75	5.588113
33	75	5.061599
35	75	1.9816678
36	75	5.559081
37	75	1.8233396
38	75	4.5328894
39	75	2.4729743
40	75	7.6845336
41	75	3.227714
42	75	3.042714
46	75	1.7256831
47	75	5.7035694
48	75	15.444203
57	75	4.291265
58	75	8.570798
59	75	1.7100011
60	75	3.3517354
61	75	3.280815
62	75	1.4912145
63	75	13.628792
64	75	1.5143329
65	75	13.535894
66	75	14.5971
67	75	12.212911
68	75	29.873419
69	75	21.070332
70	75	36.607777
71	75	45.62182
72	75	31.044912
73	75	30.771908
74	75	201.9761
75	75	1094.7732
0	76	2.278174
1	76	1.9002824
3	76	1.455518
6	76	1.182708
8	76	1.4393829
13	76	1.4556456
15	76	1.4492034
16	76	1.4184121
17	76	1.4673574
18	76	5.8265553
19	76	3.5565195
21	76	2.9972825
23	76	3.316445
24	76	3.9344704
25	76	7.1396885
26	76	5.650222
28	76	2.3910253
29	76	2.9477592
30	76	6.3982673
31	76	4.185948
32	76	2.6115832
33	76	4.7310376
34	76	1.8840066
36	76	1.7320102
38	76	2.1184287
39	76	6.93441
40	76	1.7956687
41	76	9.050759
42	76	8.532005
43	76	3.5500443
44	76	5.735328
45	76	5.033286
46	76	4.8389482
48	76	10.826684
57	76	6.016519
58	76	6.675883
59	76	6.3933
60	76	3.1328413
61	76	4.5998287
62	76	2.7876537
63	76	14.558546
64	76	5.6617413
65	76	16.869196
66	76	8.527374
67	76	13.046073
68	76	14.891977
69	76	14.323112
70	76	28.814323
71	76	19.544416
72	76	7.636169
73	76	25.56646
74	76	47.73887
75	76	109.06392
76	76	1076.3793
1	77	1.5207313
2	77	2.5255194
5	77	2.6587625
6	77	1.8929621
7	77	1.1264759
10	77	3.4300623
11	77	1.196418
16	77	1.1351069
19	77	1.4230808
20	77	1.435415
22	77	1.2313409
23	77	3.9810574
25	77	4.2852373
26	77	1.5072268
27	77	6.279037
28	77	3.8269124
30	77	3.4135437
31	77	3.3498719
32	77	4.179922
33	77	3.7860885
34	77	4.523119
35	77	4.446877
36	77	1.3860689
37	77	4.091588
38	77	1.6953063
39	77	1.8497908
42	77	2.2759578
43	77	7.102449
44	77	2.294894
45	77	6.7132797
46	77	3.8724458
47	77	2.8441896
48	77	1.4440379
57	77	3.209877
58	77	3.2054892
60	77	3.7606595
61	77	2.4540577
62	77	1.1154321
63	77	10.19437
64	77	9.061798
65	77	16.874805
66	77	20.472502
67	77	16.965534
68	77	13.407235
69	77	11.462299
70	77	28.823902
71	77	18.4845
72	77	13.444126
73	77	21.738716
74	77	48.62301
75	77	69.3107
76	77	239.94142
77	77	1025.3705
0	78	2.246111
14	78	4.39375
19	78	5.259698
22	78	9.102057
24	78	1.9395485
25	78	3.5196025
26	78	3.7138007
28	78	2.3573742
29	78	2.9062726
30	78	2.1027396
31	78	4.127035
32	78	2.574828
34	78	1.8574911
35	78	5.4785438
37	78	1.6802759
38	78	4.177228
39	78	2.2789385
41	78	5.94892
42	78	2.8039753
45	78	1.6541494
46	78	1.5902818
47	78	1.7520179
48	78	3.5581036
57	78	9.886405
58	78	1.3163854
59	78	1.5758302
61	78	4.5350914
62	78	5.4968405
63	78	10.765238
64	78	5.5820584
65	78	6.2369175
66	78	6.7258883
67	78	12.862463
68	78	20.188284
69	78	14.121529
70	78	12.428846
71	78	24.524628
72	78	6.0229588
73	78	17.329565
74	78	34.23054
75	78	28.463547
76	78	88.682205
77	78	151.40128
78	78	1157.0446
3	79	1.0065358
4	79	0.9937063
5	79	4.595013
6	79	0.8178792
7	79	0.9734176
9	79	1.0102313
11	79	2.0677125
12	79	0.99355835
13	79	1.0066239
14	79	1.0272623
15	79	2.0043378
16	79	2.9426274
18	79	2.0146215
19	79	3.6891646
20	79	2.4807599
22	79	4.2561364
23	79	1.1467122
24	79	4.081212
25	79	2.4686577
26	79	3.907303
27	79	4.0694113
28	79	3.3069358
29	79	2.0384667
30	79	5.899466
31	79	2.8947124
34	79	2.6056976
35	79	3.8426638
36	79	3.593216
37	79	3.5356488
38	79	2.9299178
39	79	7.992265
40	79	4.9670415
41	79	6.2588797
43	79	2.4549654
44	79	1.9830784
46	79	2.230855
47	79	3.6866088
48	79	6.239156
57	79	4.1606092
58	79	6.463211
59	79	7.737038
60	79	3.249685
61	79	4.241232
62	79	4.8193717
63	79	7.5507636
64	79	8.809356
65	79	7.290982
66	79	10.614497
67	79	16.915806
68	79	12.8728285
69	79	16.09542
70	79	17.435246
71	79	22.116385
72	79	13.729682
73	79	15.469998
74	79	19.507624
75	79	28.837467
76	79	26.95416
77	79	43.140995
78	79	124.69718
79	79	1147.0546
0	80	5.363034
1	80	0.8946884
2	80	2.2287498
3	80	2.7411404
4	80	5.4124026
5	80	2.3463356
6	80	3.8978872
7	80	1.9882112
8	80	4.06613
9	80	2.7512047
10	80	4.0360017
11	80	2.1116576
12	80	6.0880466
13	80	2.7413805
14	80	4.8957753
15	80	5.458496
16	80	4.0068893
17	80	5.526874
18	80	3.4290636
19	80	3.3489516
20	80	4.2224727
21	80	7.055883
22	80	3.6221602
23	80	3.9036107
24	80	3.7048442
25	80	5.0422482
26	80	1.7734866
27	80	2.770599
28	80	1.1257393
30	80	2.0082824
31	80	2.9562337
32	80	2.4591641
33	80	1.1137304
34	80	1.774051
35	80	4.3603687
36	80	4.077314
37	80	7.221584
38	80	0.99739575
39	80	3.26485
40	80	6.763475
43	80	4.178568
44	80	7.4258237
45	80	4.7395306
46	80	3.0376897
47	80	3.3466313
48	80	8.495675
57	80	8.498069
58	80	8.800765
59	80	10.535297
60	80	9.587502
61	80	16.603588
62	80	13.124794
63	80	9.424849
64	80	11.995441
65	80	1.9855832
66	80	7.2267246
67	80	15.355837
68	80	8.7642765
69	80	15.173074
70	80	10.174741
71	80	10.874945
72	80	13.661954
73	80	22.569689
74	80	17.36809
75	80	13.592469
76	80	16.939703
77	80	16.945335
78	80	13.917746
79	80	154.23866
80	80	1010.23364
0	81	6.471774
1	81	6.297982
2	81	8.217965
3	81	8.958725
4	81	7.4838376
5	81	3.9325154
6	81	5.5996747
7	81	5.3316646
8	81	6.8149333
9	81	4.149977
10	81	5.4115496
11	81	7.0783796
12	81	6.8024764
13	81	6.2027373
14	81	8.439879
15	81	4.8030005
16	81	8.730337
17	81	6.2526436
18	81	4.827643
19	81	2.525816
20	81	2.547708
21	81	4.9668493
22	81	5.099496
23	81	0.7851056
24	81	0.9314114
25	81	4.2254653
26	81	3.566888
27	81	3.7148728
28	81	4.5282397
29	81	1.3956523
32	81	1.2364857
35	81	4.3848505
36	81	3.2801652
37	81	4.034517
40	81	1.7003623
43	81	2.5212173
44	81	7.467517
45	81	7.1492114
46	81	3.8184314
47	81	3.3654213
48	81	9.397713
57	81	7.5962505
58	81	7.5858665
59	81	3.7837317
60	81	11.124613
61	81	14.518966
62	81	15.178257
63	81	7.7545357
64	81	9.382171
65	81	3.993463
66	81	3.229911
67	81	12.353643
68	81	12.338878
69	81	6.781451
70	81	11.93718
71	81	6.7298484
72	81	14.461748
73	81	12.104751
74	81	6.164331
75	81	6.075016
76	81	1.4195677
77	81	10.224286
78	81	13.995888
79	81	26.505224
80	81	189.81395
81	81	1137.8849
0	82	6.5877585
1	82	2.7475078
2	82	3.8023834
3	82	7.0148296
4	82	5.540334
5	82	3.2023938
6	82	3.4200177
7	82	5.427216
8	82	4.855947
9	82	3.5202928
10	82	7.5742326
11	82	3.6026173
12	82	5.53951
13	82	2.1046333
14	82	7.1592793
15	82	4.190638
16	82	5.4687986
17	82	7.7790785
18	82	9.828323
19	82	2.5710824
20	82	3.4578223
21	82	4.3335967
22	82	2.9662209
23	82	2.3975277
24	82	6.636726
25	82	3.4409537
26	82	1.8154061
27	82	2.8360868
28	82	2.3046963
29	82	1.4206645
30	82	2.0557518
31	82	1.0087032
33	82	2.2801108
35	82	3.570747
36	82	0.83473766
37	82	5.74955
38	82	2.041942
39	82	5.570034
40	82	4.3270884
41	82	1.4539963
42	82	2.741318
43	82	5.98827
44	82	5.5282516
45	82	6.4687433
46	82	4.664236
47	82	4.2821684
48	82	73.050476
57	82	92.78864
58	82	17.374088
59	82	26.190485
60	82	14.343712
61	82	7.3895836
62	82	13.435021
63	82	4.3852825
64	82	12.278975
65	82	4.065032
66	82	7.3975406
67	82	11.0031595
68	82	7.1771483
69	82	9.491604
70	82	6.075556
71	82	7.7067647
72	82	9.568601
73	82	10.781476
74	82	10.458008
75	82	4.637917
76	82	8.670052
77	82	11.563911
78	82	9.972701
79	82	27.979506
80	82	61.910667
81	82	149.1462
82	82	1031.395
0	83	2.5095496
1	83	3.139918
2	83	5.214546
3	83	2.4050148
4	83	0.79145336
5	83	3.6597724
6	83	1.9542392
7	83	1.5505883
8	83	0.7927847
9	83	1.60923
10	83	3.9345524
11	83	4.1171575
12	83	3.1653423
13	83	4.810451
14	83	4.9090776
15	83	1.5963873
16	83	4.687406
17	83	4.0409627
18	83	1.6045778
19	83	6.856021
20	83	1.9758413
21	83	1.6508461
22	83	3.3898685
23	83	5.4799047
24	83	2.1670313
25	83	2.9493034
26	83	2.0746896
27	83	3.241148
28	83	6.584656
30	83	2.3493626
31	83	2.3055406
32	83	2.8768206
34	83	3.1130247
35	83	1.0201838
36	83	1.9079165
37	83	1.8773497
38	83	2.3335803
40	83	3.9560804
41	83	3.323324
42	83	1.566422
43	83	1.9552968
44	83	4.738364
45	83	1.8481588
46	83	2.6652007
47	83	5.872518
48	83	8.944697
57	83	9.941353
58	83	9.560067
59	83	7.042616
60	83	7.764792
61	83	12.667491
62	83	6.141546
63	83	14.032497
64	83	8.575543
65	83	22.066677
66	83	11.272117
67	83	10.778293
68	83	13.328604
69	83	10.847234
70	83	19.837975
71	83	19.572168
72	83	11.776399
73	83	14.081519
74	83	11.951663
75	83	8.833872
76	83	14.8625145
77	83	18.501722
78	83	22.794085
79	83	29.691677
80	83	45.095318
81	83	56.2947
82	83	128.93307
83	83	1015.9723
0	84	3.7214873
1	84	3.1041865
2	84	5.155206
3	84	2.3776464
4	84	2.3473406
5	84	1.8090626
6	84	2.5760007
7	84	2.2994144
8	84	1.5675261
9	84	3.181835
10	84	3.1118226
11	84	2.4421833
12	84	2.3469913
13	84	3.9630911
14	84	1.617738
15	84	1.5782207
16	84	2.3170323
17	84	3.9949775
18	84	5.5521135
19	84	5.8097153
20	84	0.9766784
21	84	4.8961797
22	84	0.8378232
24	84	2.1423712
25	84	3.8876548
26	84	2.0510802
27	84	5.340441
28	84	3.9058347
29	84	1.6050938
30	84	1.1613137
31	84	4.558608
32	84	4.2661247
33	84	1.2880563
34	84	4.103466
35	84	4.034298
36	84	3.77241
39	84	3.775878
40	84	2.933296
41	84	1.6427526
42	84	3.097193
43	84	4.832615
44	84	0.7807405
45	84	3.6542544
46	84	2.6348715
47	84	3.8704603
48	84	4.9127274
57	84	5.4601235
58	84	5.81617
59	84	3.4812362
60	84	11.088178
61	84	5.8442245
62	84	6.0716567
63	84	8.918236
64	84	10.0194025
65	84	2.296375
66	84	8.3578825
67	84	12.431579
68	84	9.122488
69	84	6.824233
70	84	11.767335
71	84	10.642193
72	84	15.800381
73	84	13.051196
74	84	14.178787
75	84	12.226683
76	84	21.223776
77	84	14.37164
78	84	19.315453
79	84	20.321857
80	84	30.746307
81	84	35.556774
82	84	29.112572
83	84	124.09014
84	84	1065.8765
0	85	3.672202
1	85	1.0210255
2	85	3.391289
3	85	6.256422
4	85	0.7720846
5	85	3.570209
6	85	1.9064143
7	85	2.2689624
8	85	2.3201501
10	85	3.8382642
11	85	2.4098406
12	85	2.3159091
13	85	0.78212124
14	85	2.3944705
15	85	1.5573198
16	85	3.810578
17	85	3.1536562
18	85	2.3479648
19	85	4.7773128
20	85	4.818719
21	85	4.026115
22	85	4.9603653
23	85	2.672899
24	85	3.1709983
25	85	0.95904225
26	85	3.0358756
27	85	3.1618292
28	85	1.2847027
29	85	1.5838369
31	85	1.1245592
34	85	3.0368416
35	85	0.9952175
36	85	1.8612252
37	85	1.8314064
38	85	2.2764719
39	85	1.2419575
40	85	4.824082
41	85	1.6209971
42	85	3.0561757
43	85	1.9074459
44	85	3.852004
45	85	3.6058598
46	85	3.4666357
47	85	0.95480055
48	85	6.7867327
57	85	6.4653754
58	85	4.304358
59	85	6.0114827
60	85	4.2082047
61	85	5.766827
62	85	10.484683
64	85	5.3236136
65	85	4.5319266
66	85	15.578035
67	85	13.143152
68	85	6.0011168
69	85	11.543755
70	85	15.481994
71	85	12.410573
72	85	13.129373
73	85	17.171139
74	85	6.9955063
75	85	29.30013
76	85	17.720747
77	85	18.04894
78	85	22.236258
79	85	25.622929
80	85	28.063688
81	85	12.966522
82	85	19.41015
83	85	54.12502
84	85	185.08882
85	85	1017.92346
0	86	5.5543613
1	86	6.1773777
2	86	1.2823671
3	86	2.3657758
4	86	1.1678107
5	86	2.7000463
6	86	0.96117747
7	86	2.2879345
8	86	3.5093255
12	86	1.1676369
14	86	1.2072461
16	86	1.1527323
18	86	3.5513964
19	86	4.3355327
20	86	2.9154067
21	86	3.6538017
22	86	1.2504605
23	86	5.390497
24	86	3.1975129
25	86	5.8023686
27	86	1.5941336
28	86	11.659004
30	86	6.933095
31	86	1.7009435
32	86	4.244826
35	86	1.5053086
36	86	2.8151822
38	86	5.1648903
39	86	3.757027
40	86	5.8373027
41	86	9.807307
43	86	4.3276396
45	86	1.3635039
46	86	3.932575
47	86	5.7767053
48	86	4.39938
57	86	4.8895774
59	86	2.597892
60	86	3.8190532
61	86	4.984326
62	86	4.531008
63	86	7.3947597
64	86	5.7515655
65	86	10.282097
66	86	11.088207
67	86	3.9759152
68	86	7.56412
69	86	7.2751746
70	86	7.3178663
71	86	21.659445
72	86	4.9646835
74	86	28.216
75	86	15.641538
76	86	21.930038
77	86	40.949684
78	86	43.242794
79	86	10.1102
80	86	10.325072
81	86	9.229372
82	86	7.046082
83	86	32.20973
84	86	37.150387
85	86	154.48892
86	86	998.0527
0	87	1.6157484
2	87	3.3573337
3	87	1.0322965
5	87	1.178154
6	87	0.83881164
7	87	0.9983308
9	87	3.1082602
10	87	1.0132889
11	87	1.0603163
12	87	2.037974
14	87	2.1071072
15	87	1.027818
16	87	2.0119598
17	87	2.0813868
18	87	2.0661829
19	87	1.2611945
20	87	3.816377
21	87	2.1257615
23	87	3.5281818
24	87	1.3952215
25	87	1.2659197
26	87	5.343073
27	87	9.738311
28	87	1.695786
29	87	2.0906382
30	87	7.563068
31	87	4.453198
32	87	5.5566363
33	87	3.355392
34	87	4.0085797
36	87	3.685179
37	87	3.6261387
38	87	1.5024524
39	87	1.6393632
40	87	1.2735415
41	87	2.139689
42	87	8.068201
43	87	2.5177968
44	87	2.0338323
45	87	3.5697558
46	87	1.1439753
48	87	7.6786056
57	87	4.2670937
58	87	6.6286273
59	87	3.4007385
60	87	3.332856
61	87	3.262335
62	87	3.954173
63	87	11.616022
64	87	2.0077374
65	87	8.973101
66	87	8.467013
67	87	10.409245
68	87	3.960687
69	87	7.6187816
70	87	8.940738
71	87	17.641884
72	87	10.831595
73	87	11.332808
74	87	24.623869
75	87	34.125603
76	87	19.138163
77	87	18.719091
78	87	33.54456
79	87	23.528234
80	87	10.011783
81	87	11.074795
82	87	10.248429
83	87	31.622807
84	87	31.262949
85	87	52.55742
86	87	193.55385
87	87	1005.9362
0	88	1.3468326
1	88	2.2468543
2	88	1.8657056
3	88	2.5814612
4	88	1.6990384
6	88	2.097614
8	88	0.8509482
9	88	0.86364645
10	88	1.689286
11	88	0.8838435
13	88	2.5816875
14	88	0.87820625
15	88	3.4270158
16	88	1.6771009
17	88	4.337432
18	88	5.166898
19	88	1.0512886
20	88	1.0604005
21	88	1.7719622
22	88	5.4578547
23	88	3.9212956
24	88	1.1630089
25	88	2.1104548
26	88	1.1134508
27	88	6.9578767
28	88	1.4135492
30	88	6.304315
31	88	2.474689
32	88	7.7197037
33	88	2.79694
34	88	2.22761
35	88	6.570184
36	88	1.0239464
37	88	3.0226252
39	88	1.3665171
40	88	5.3079033
42	88	3.3626883
43	88	2.0987492
44	88	3.3906662
45	88	0.99187547
46	88	4.7678933
48	88	6.4006233
57	88	4.742538
58	88	5.5253973
59	88	6.614392
60	88	5.5563097
61	88	2.7193708
62	88	4.1200795
63	88	3.227573
64	88	4.1839533
65	88	3.739835
66	88	9.07433
67	88	9.640878
68	88	8.803982
69	88	8.467674
70	88	12.776046
71	88	8.40324
72	88	18.960579
73	88	14.169961
74	88	24.374168
75	88	7.5855823
76	88	8.862733
77	88	8.511052
78	88	26.213997
79	88	15.9350195
80	88	20.029152
81	88	9.23157
82	88	13.668384
83	88	18.549412
84	88	23.1642
85	88	42.857677
86	88	34.57283
87	88	105.599976
88	88	1089.8275
0	89	40.50638
1	89	3.0715814
2	89	3.400705
3	89	3.9211206
4	89	3.8711414
5	89	0.89503044
6	89	3.8234148
7	89	3.0336828
8	89	0.77553064
9	89	6.296828
10	89	2.3093529
11	89	0.80551046
12	89	1.5482261
13	89	3.9214642
14	89	4.0018644
15	89	3.1232874
16	89	1.5284634
17	89	3.1624124
18	89	3.1393118
19	89	0.95811534
20	89	5.7985177
21	89	1.6149173
22	89	1.658046
23	89	4.4672003
24	89	1.0599341
25	89	0.961705
26	89	2.0295365
27	89	3.1706083
30	89	2.2982314
31	89	1.1276815
32	89	1.4071048
33	89	5.098108
34	89	4.0603642
35	89	2.993942
36	89	2.7995894
37	89	3.6729827
40	89	3.8699808
42	89	6.1293225
43	89	1.912742
44	89	4.635239
45	89	1.8079357
46	89	0.86906517
47	89	6.702161
48	89	6.805576
57	89	3.2416635
58	89	5.035694
59	89	5.167006
60	89	10.127733
61	89	8.261198
62	89	3.7549264
63	89	1.9610138
64	89	18.303068
65	89	2.2722547
66	89	7.3511944
67	89	3.514572
68	89	5.014816
69	89	6.7525535
70	89	10.673424
71	89	12.445031
72	89	12.342962
73	89	8.609407
74	89	8.184084
75	89	15.554902
76	89	11.308149
77	89	16.806265
78	89	9.556285
79	89	16.757002
80	89	15.211679
81	89	11.4728155
82	89	12.456987
83	89	21.354216
84	89	19.351944
85	89	23.43558
86	89	27.57013
87	89	50.411896
88	89	191.96246
89	89	987.89764
0	90	6.257783
1	90	3.131865
2	90	6.9348965
3	90	3.1984622
4	90	2.3682706
5	90	4.5629826
6	90	5.197939
7	90	2.3199172
8	90	3.1630058
9	90	1.6051028
10	90	4.7093534
11	90	2.463959
12	90	3.1572242
13	90	3.1987424
14	90	2.4482436
15	90	1.5922929
16	90	2.337692
17	90	3.224479
18	90	4.8013873
19	90	4.8845983
20	90	10.839255
21	90	9.879673
22	90	5.9170556
23	90	1.82195
24	90	6.484421
25	90	2.9417393
26	90	6.208106
28	90	1.3135536
30	90	2.343337
31	90	2.2996275
32	90	1.4347211
33	90	3.8986235
34	90	4.140054
37	90	6.5538716
39	90	2.539697
40	90	0.9864836
42	90	4.6872134
43	90	11.701692
44	90	2.3631058
45	90	4.608547
46	90	7.0889735
47	90	2.9287283
48	90	4.9565315
57	90	3.3052852
58	90	3.6675186
59	90	7.9026227
60	90	5.163252
61	90	7.5810013
62	90	6.891519
63	90	5.9985037
64	90	9.331144
65	90	9.267403
66	90	4.6846695
67	90	13.438312
68	90	13.294419
69	90	9.835831
70	90	7.9148383
71	90	11.713182
72	90	8.39014
73	90	14.923242
74	90	11.92101
75	90	10.573459
76	90	9.882931
77	90	14.499784
78	90	17.863705
79	90	14.807763
80	90	18.612274
81	90	13.257715
82	90	13.495314
83	90	16.32999
84	90	26.010035
85	90	13.275296
86	90	28.111229
87	90	26.868858
88	90	47.715267
89	90	149.98361
90	90	1034.2949
0	91	2.509095
1	91	7.3251486
2	91	3.4757347
3	91	3.2061057
4	91	2.3739302
5	91	7.3182197
6	91	2.6051805
7	91	5.426076
8	91	3.1705647
9	91	2.413408
10	91	3.9338398
11	91	4.9396944
12	91	0.7911923
13	91	4.80958
14	91	3.272126
15	91	1.5960982
16	91	2.3432786
17	91	3.2321846
18	91	1.6042871
19	91	4.896271
20	91	2.9632251
21	91	4.9516416
22	91	5.0838823
23	91	2.739456
24	91	1.0833194
25	91	1.9658462
26	91	4.148628
27	91	3.2405612
28	91	3.950078
29	91	1.6232756
30	91	2.348937
31	91	1.1525615
33	91	1.3026468
34	91	3.112461
35	91	3.0599973
36	91	2.8613565
37	91	1.8770097
38	91	6.999473
39	91	2.5457664
40	91	5.933046
41	91	1.661361
42	91	3.1322765
43	91	2.932414
44	91	3.9479218
45	91	4.6195602
46	91	2.664718
47	91	2.9357274
48	91	11.924104
57	91	7.730763
58	91	9.558336
59	91	7.921508
60	91	5.1755905
61	91	8.443464
62	91	6.907988
63	91	5.010699
64	91	5.456176
65	91	9.28955
66	91	4.6958647
67	91	10.776341
68	91	8.200732
69	91	7.8874683
70	91	4.9585958
71	91	5.8705873
72	91	7.569171
73	91	8.7993555
74	91	5.9747496
75	91	7.0658174
76	91	9.9065485
77	91	7.9278736
78	91	11.394979
79	91	11.417808
80	91	18.656752
81	91	14.852857
82	91	14.323303
83	91	24.553522
84	91	18.879864
85	91	23.065504
86	91	21.469263
87	91	29.275074
88	91	32.211567
89	91	53.375874
90	91	136.96567
91	91	993.78296
0	92	2.50029
1	92	2.085555
2	92	6.0611906
3	92	1.5974274
4	92	5.519732
5	92	2.7347016
6	92	3.8940573
7	92	4.634601
8	92	1.5797192
10	92	0.784007
11	92	4.1019664
12	92	2.3652472
13	92	6.390269
14	92	1.6303216
15	92	3.180994
16	92	1.5567036
17	92	3.2208421
18	92	3.9966433
19	92	6.8307242
20	92	1.9685509
21	92	2.4671323
22	92	5.910382
23	92	4.5497375
24	92	1.0795178
25	92	0.97947377
26	92	3.100552
27	92	4.3055854
29	92	4.8527374
30	92	1.170347
32	92	1.433103
33	92	5.1923018
34	92	1.0338463
35	92	2.0328393
36	92	1.9008769
37	92	4.676057
39	92	2.5368326
40	92	1.9707419
41	92	1.6555309
42	92	3.1212847
43	92	1.9480823
44	92	3.147254
45	92	1.8413396
46	92	4.4256115
47	92	2.925425
48	92	6.9313173
57	92	6.6031146
58	92	7.326764
59	92	7.01663
60	92	4.297857
61	92	4.2069173
62	92	6.1188855
63	92	8.987607
64	92	10.097339
65	92	3.4713564
66	92	6.55114
67	92	7.159016
68	92	9.193448
69	92	5.894842
70	92	10.870628
71	92	14.624965
72	92	10.056811
73	92	8.7684765
74	92	8.335296
75	92	14.082044
76	92	4.935892
77	92	11.85008
78	92	12.977132
79	92	7.964418
80	92	15.492734
81	92	16.358706
82	92	9.515359
83	92	25.373556
84	92	26.876583
85	92	23.868582
86	92	20.0568
87	92	23.337873
88	92	23.344383
89	92	36.345516
90	92	38.866592
91	92	235.56892
92	92	954.3175
0	93	7.1383557
1	93	3.969522
2	93	2.4721093
3	93	7.601121
4	93	4.5025415
5	93	7.807604
6	93	43.852665
7	93	4.4106126
8	93	3.7584298
9	93	2.288709
10	93	2.984465
11	93	4.684464
12	93	4.5018716
13	93	2.2805362
14	93	5.4303503
15	93	1.5136288
16	93	2.222203
17	93	5.3640647
18	93	6.8462763
19	93	3.7146273
20	93	2.8101175
21	93	1.5652646
22	93	5.624735
23	93	4.32985
24	93	6.1640706
25	93	3.7285445
26	93	1.9671357
27	93	4.097498
28	93	1.2486601
29	93	1.539402
30	93	2.227569
31	93	1.0930095
32	93	1.3638415
33	93	1.2353399
34	93	0.98388076
35	93	1.934593
36	93	4.5225205
37	93	1.780026
38	93	1.1063025
39	93	2.4142284
40	93	1.8754965
41	93	1.5755197
42	93	2.9704342
43	93	2.7808983
44	93	4.4927225
45	93	5.257045
46	93	1.6846893
47	93	4.640067
48	93	3.769331
57	93	5.236657
58	93	4.880865
59	93	3.3387597
60	93	4.9081717
61	93	4.804318
62	93	11.646324
63	93	5.7021594
64	93	8.870158
65	93	8.809566
66	93	4.453233
67	93	1.7032558
68	93	5.8327546
69	93	12.154883
70	93	15.988121
71	93	7.423011
72	93	8.773205
73	93	15.020459
74	93	6.799246
75	93	1.6751829
76	93	10.9604645
77	93	5.012164
78	93	6.174976
79	93	15.159
80	93	16.218374
81	93	8.1547165
82	93	9.810109
83	93	22.422457
84	93	16.199177
85	93	11.778159
86	93	13.997473
87	93	23.32046
88	93	27.770197
89	93	30.370787
90	93	32.687233
91	93	56.908237
92	93	139.19366
93	93	986.9571
0	94	8.33438
1	94	4.9656553
2	94	2.473979
3	94	5.324809
4	94	4.505947
5	94	1.7363353
6	94	4.326772
7	94	2.9426322
8	94	5.2657814
9	94	3.0539198
10	94	2.986722
11	94	2.3440034
13	94	5.3252754
14	94	3.1054044
15	94	3.7869341
16	94	5.189062
17	94	3.0674982
18	94	3.8063636
19	94	4.646796
20	94	4.6870713
21	94	5.482569
22	94	2.4124238
23	94	3.4665003
24	94	2.0562441
25	94	2.7985234
26	94	0.98431176
27	94	3.0754478
28	94	2.499209
29	94	1.5405663
30	94	3.343881
31	94	3.2815084
32	94	4.0946193
33	94	2.4725485
34	94	5.9077497
37	94	3.5627444
40	94	2.8153727
41	94	1.5767113
42	94	1.4863404
43	94	3.7106688
44	94	5.245474
45	94	3.5073473
46	94	2.5289452
47	94	2.786146
48	94	1.886091
57	94	6.288741
58	94	5.5823503
59	94	5.011927
60	94	9.823768
61	94	4.8079515
62	94	8.012903
63	94	8.559708
64	94	5.917911
65	94	9.918257
66	94	8.913201
67	94	8.52272
68	94	5.837166
69	94	8.421284
70	94	11.294269
71	94	9.285781
72	94	10.376175
73	94	15.86692
74	94	3.4021943
75	94	6.7057996
76	94	7.8348246
77	94	20.06382
78	94	7.724558
79	94	9.752442
80	94	18.443909
81	94	17.805565
82	94	17.369474
83	94	12.082762
84	94	22.184061
85	94	16.838669
86	94	12.7346
87	94	22.226759
88	94	21.306587
89	94	20.262505
90	94	24.103546
91	94	25.024046
92	94	38.69415
93	94	231.58252
94	94	1075.2573
0	95	3.9716802
1	95	3.3128788
2	95	2.7508936
3	95	2.537494
4	95	1.2525753
5	95	7.2400675
11	95	1.3031849
12	95	2.504778
13	95	1.2688581
15	95	2.5264852
19	95	1.5500747
20	95	1.5635096
21	95	2.6126733
22	95	1.3412242
23	95	2.8908813
24	95	8.574005
25	95	1.5558822
26	95	3.2834594
27	95	3.4196851
28	95	2.0842106
29	95	7.708514
30	95	3.718164
31	95	1.8244051
32	95	4.552933
33	95	6.185931
34	95	3.2845042
36	95	1.5097599
37	95	2.971144
38	95	1.8465933
39	95	6.0445914
40	95	1.5652497
41	95	5.2595816
42	95	2.4790614
44	95	2.4996874
46	95	1.406006
47	95	1.5490007
48	95	9.437411
57	95	6.992645
58	95	4.6553903
59	95	2.786458
60	95	2.7308373
62	95	3.6449158
63	95	3.172601
64	95	4.9352307
65	95	5.5142074
66	95	4.4598885
67	95	5.686005
68	95	6.4905243
69	95	10.924532
70	95	9.418834
71	95	9.292631
72	95	7.987561
73	95	8.357171
74	95	11.349013
75	95	19.573011
76	95	5.22707
77	95	12.549138
78	95	7.730256
79	95	10.844041
80	95	11.074509
81	95	2.4748197
82	95	2.5191722
83	95	15.834337
84	95	15.654146
85	95	12.638317
86	95	46.727978
87	95	29.657541
88	95	32.446987
89	95	22.530502
90	95	27.280073
91	95	24.466818
92	95	50.196087
93	95	39.580963
94	95	116.100914
95	95	1141.362
0	96	1.5960205
1	96	2.6625621
2	96	1.105447
5	96	2.327538
6	96	2.4857097
7	96	1.9722826
8	96	5.041943
10	96	1.0009168
13	96	1.0197817
15	96	2.0305371
17	96	3.08396
18	96	2.040955
19	96	2.4915912
20	96	3.7697797
21	96	1.0499033
22	96	3.233827
23	96	2.3234022
24	96	2.7563722
25	96	1.2504631
26	96	2.6389177
27	96	6.8710055
29	96	2.0651119
30	96	1.4941449
31	96	2.93255
33	96	3.3144233
34	96	3.959636
35	96	3.8928921
36	96	2.4267893
37	96	1.1939547
40	96	1.2579918
43	96	4.9741096
44	96	2.0089996
45	96	1.1753899
47	96	3.7347972
48	96	2.5282838
57	96	4.2149935
58	96	6.5476933
59	96	1.1197387
60	96	3.2921624
62	96	2.92942
63	96	10.199282
64	96	3.9664466
65	96	7.386284
66	96	5.9740233
67	96	2.2849221
68	96	7.8246555
69	96	6.271465
70	96	16.401493
71	96	6.2237425
72	96	5.349672
73	96	8.955548
74	96	16.722212
75	96	11.236311
76	96	16.803991
77	96	23.53341
78	96	31.064049
79	96	14.5255995
80	96	6.922679
81	96	3.9780269
82	96	3.0369892
83	96	17.353722
84	96	18.29999
85	96	14.671829
86	96	34.14118
87	96	38.73314
88	96	27.319447
89	96	26.029924
90	96	30.002638
91	96	30.074337
92	96	50.716427
93	96	24.13266
94	96	28.541988
95	96	181.26547
96	96	1030.0826
0	97	17.410753
1	97	3.6306872
2	97	6.0295796
3	97	1.8539457
4	97	2.7454727
5	97	3.1738462
6	97	0.7532289
7	97	3.5858903
8	97	0.91669697
9	97	1.8607527
10	97	2.7297137
11	97	1.9042678
12	97	3.6600852
13	97	3.7082162
14	97	0.94606113
15	97	2.7688537
17	97	1.869026
18	97	4.638433
19	97	2.2650335
20	97	1.1423326
21	97	4.7721834
22	97	3.919705
23	97	6.3364134
24	97	10.022953
25	97	5.6837993
26	97	2.3989637
27	97	2.498493
28	97	3.045535
30	97	1.3582839
31	97	3.9988446
32	97	3.3264675
33	97	6.026093
34	97	2.399727
35	97	2.3592772
36	97	2.2061238
37	97	1.0853897
38	97	1.3491594
39	97	4.416304
42	97	3.6225073
43	97	3.3913646
44	97	3.652647
45	97	1.068513
46	97	4.109029
47	97	1.1317321
48	97	5.745974
57	97	1.2772429
58	97	4.251656
59	97	3.0537663
60	97	3.990413
61	97	4.882473
62	97	6.2137856
63	97	5.7949204
64	97	3.605782
65	97	5.371726
66	97	8.689299
67	97	6.23147
68	97	5.92764
69	97	3.4207244
70	97	8.028527
71	97	10.184084
72	97	7.781171
73	97	11.194192
74	97	6.909854
75	97	10.214605
76	97	11.457017
77	97	6.1124406
78	97	18.826286
79	97	14.525283
80	97	7.1922364
81	97	6.328541
82	97	6.441958
83	97	15.775766
84	97	16.635992
85	97	19.493614
86	97	31.036757
87	97	25.731243
88	97	18.06205
89	97	40.124306
90	97	20.980408
91	97	25.236656
92	97	44.009163
93	97	35.899044
94	97	30.936445
95	97	44.940872
96	97	192.63464
97	97	1014.22845
0	98	5.157638
1	98	6.4531746
2	98	1.78616
3	98	5.7665973
4	98	0.81329936
5	98	1.8803954
6	98	3.346968
7	98	5.5768585
8	98	1.6293349
9	98	4.9609456
10	98	5.6604176
11	98	1.6923203
12	98	0.8131783
13	98	4.119359
14	98	3.3630533
15	98	4.101128
16	98	3.211193
17	98	3.3220022
18	98	2.473302
19	98	4.0258646
20	98	10.1518955
21	98	6.7856536
22	98	4.354296
23	98	1.8770542
24	98	4.453693
25	98	4.040948
26	98	3.1979342
27	98	4.440815
28	98	5.4131265
29	98	3.336768
31	98	1.1845894
32	98	7.3905687
33	98	1.3388454
34	98	1.0663172
35	98	5.241717
36	98	1.9605795
37	98	1.9291689
40	98	5.081597
42	98	1.609659
43	98	4.018535
44	98	4.0576286
45	98	2.8487585
46	98	0.91292214
47	98	2.0115378
48	98	4.085152
57	98	2.2701683
58	98	6.0455065
59	98	5.4277563
60	98	4.4328437
61	98	8.678096
62	98	3.1555336
63	98	6.179926
64	98	12.016703
65	98	8.354231
66	98	11.583254
67	98	6.4608827
68	98	6.3214636
69	98	3.0399935
70	98	7.1349425
71	98	9.050583
72	98	7.7795067
73	98	9.043877
74	98	6.1407785
76	98	6.787891
77	98	9.5062065
78	98	6.6923585
79	98	19.949656
80	98	15.180363
81	98	14.462142
82	98	11.44992
83	98	12.150583
84	98	17.556458
85	98	17.32395
86	98	15.1702795
87	98	14.44252
88	98	21.067884
89	98	22.857962
90	98	35.426
91	98	22.427784
92	98	29.798773
93	98	30.131021
94	98	31.040688
95	98	28.105148
96	98	54.687023
97	98	194.53458
98	98	1075.7142
0	99	10.351046
1	99	3.4536276
2	99	4.301649
6	99	2.1494875
7	99	3.8373923
8	99	2.6159759
11	99	2.717102
12	99	1.3055971
13	99	2.645532
14	99	5.3995447
15	99	3.9507356
16	99	1.2889314
17	99	1.3334087
18	99	2.647337
19	99	3.2318602
20	99	3.2598717
21	99	2.7236736
22	99	4.1946197
23	99	3.0137012
25	99	3.2439687
27	99	1.7824858
28	99	6.5182767
29	99	2.678671
30	99	7.752263
31	99	11.411493
32	99	7.119549
33	99	4.2991614
35	99	3.3663316
37	99	1.548687
38	99	1.9250464
39	99	2.100466
40	99	3.2634997
45	99	4.573819
46	99	1.4657406
47	99	3.229621
48	99	6.558909
57	99	1.8224324
58	99	4.853176
59	99	2.9048417
60	99	7.1171446
61	99	2.7866204
62	99	5.0663614
63	99	6.61478
64	99	3.858679
65	99	9.5808
66	99	9.298737
67	99	4.4456825
68	99	6.7662764
69	99	1.626952
70	99	6.545997
71	99	14.531148
72	99	4.163458
73	99	7.2601905
74	99	17.746769
75	99	14.5746975
76	99	13.622858
77	99	2.180382
78	99	2.6862261
79	99	5.6523767
80	99	7.6966753
81	99	9.029871
82	99	7.8785996
83	99	7.503211
84	99	8.901392
85	99	19.030931
86	99	28.785091
87	99	21.255817
88	99	16.107384
89	99	22.019737
90	99	22.451902
91	99	12.002964
92	99	23.921684
93	99	18.497015
94	99	24.2067
95	99	28.49948
96	99	43.90133
97	99	43.379814
98	99	166.54285
99	99	1334.487
